9528951
9420094
9650440
9425452
9636561
9531802
9221548
9525743
9320234
9221548
9520386
9610915
9322590
9511967
9611567
9611547
9423620
9420942
9420550
9426366
9420520
9420034
9430034
9521566
9420074
9640369
9420765
9421151
9422413
9611567
9650390
9511907
9212400
9611567
9650366
9320055
9611567
9523770
9432778
9434004
9420059
9420500
9426290
9523366
9550225
9335254
9432046
9427550
9611597
9328900
9221548
9428157
9523770
9231589
9611597
9321486
9523770
9423693
9324638
9511944
9222140
9332529
9412885
9223852
9226088
9320821
8650615
9020949
9221548
9017983
8819045
9226632
9221548
9550225
9221150
9311498
9221155
9226785
9122597
9223770
9437183
9434393
9033118
9437183
9420094
9230403
9437183
8831634
9440280
9333286
9323888
9328900
9223772
9223770
9223807
9420094
9420094
9434424
9450563
9130391
9433763