9528951
9420094
9650449
9425454
9636566
9531808
9525749
9320231
9520372
9610915
9322560
9511907
9611597
9611597
9423690
9420922
9420500
9426306
9521516
9420094
9640359
9420715
9421151
9422413
9650390
9511907
9212400
9650366
9320055
9523870
9432578
9434004
9420059
9420500
9426290
9523366
9550225
9335254
9432046
9427550
9611597
9328900
9221548
9428157
9231589
9611597
9321486
9423693
9324638
9511944
9222140
9332529
9412885
9223852
9226088
9320821
8650615
9020949
9221548
9017983
8819045
9226632
9550225
9221150
9311498
9221155
9226785
9122597
9434393
9033118
9230403
8831634
9440280
9333286
9323888
9328900
9223772
9223770
9223807
9420094
9420094
9434424
9450563
9130391
9433763